55555555555555555555555555555555555555555555555555555559AB55
5555555555555555555555555555555555555555555555555555555CDE55
5555555555555555555555555555555555555555555555555555555FGH55
555552222222222222222222222222222222222222222222222222255555
555552222222222222222222222222222222222222222222222222255555
555552211111111111111111111111111111111111111111111112255555
555552211111111111111111111111111111111111117777777712255555
555552211111111111111111111111111111111111117777777712255555
555552211133333333333311113333333333333333317778877712255555
555552211133333333333111133333333333333333317778877712255555
555552211133333333331111333333333333333333317778877712255555
555552211133333333311113333333333333333333317778877712255555
555552211133333333111133333333333333333333317777777712255555
555552211133333331111333333333333333333333317777777712255555
555552211133333311113333333333333333333333311111111112255555
555552211133333111133333333333333333333333333333331112255555
555552211133331111333333333333333333333333333333331112255555
555552211133311113333333333333333333333333333333331112255555
555552211133111133333333333333333333333333333333331112255555
555552211131111333333333333333333333333333333333331112255555
555552211111113333333333333333333333333333333333331112255555
555552211111133333333333333333333333333333333333331112255555
555552211111333333333333333333333333333333333333331112255555
555552211113333333333333333333333333333333333333331112255555
555552211111113333333333777777777777333333333333331112255555
555552211111113333333333777777777777333333333333331112255555
555552217777771333333333776666666677111111111111111112255555
555552217777771333333333776666666677777777777777777712255555
555552217777771333333333776688886677777777777777777712255555
555552217777771333333333776666666677111111111177777712255555
555552217777771111111111776666666677333333333177777712255555
555552217777777777777777776688886677333333333177777712255555
555552217777777777777777776666666677333333333177777712255555
555552211111111111111111776666666677333333333111111112255555
555552211133333333333333777777777777333333333331111112255555
555552211133333333333333777777777777333333333311111112255555
555552211133333333333333333333333333333333333111131112255555
555552211133333333333333333333333333333333331111331112255555
555552211133333333333333333333333333333333311113331112255555
555552211133333333333333333333333333333333111133331112255555
555552211133333333333333333333333333333331111333331112255555
555552211111111113333333333333333333333311113333331112255555
555552217777777713333333333333333333333111133333331112255555
555552217777777713333333333333333333331111333333331112255555
555552217778877713333333333333333333311113333333331112255555
555552217778877713333333333333333333111133333333331112255555
555552217778877713333333333333333331111333333333331112255555
555552217778877713333333333333333311113333333333331112255555
555552217777777711111111111111111111111111111111111112255555
555552217777777711111111111111111111111111111111111112255555
555552211111111111111111111111111111111111111111111112255555
555552222222222222222222222222222222222222222222222222255555
555552222222222222222222222222222222222222222222222222255555
559AB5555555555555555555555555555555555555555555555555555555
55CDE5555555555555555555555555555555555555555555555555555555
55FGH5555555555555555555555555555555555555555555555555555555